width 20
height 20
fuel
2 3 4 1 2 5 6 3 4 5 3 4 4 4 4 4 4 4 4 4
2 3 4 1 2 5 6 3 4 5 3 4 4 4 4 4 4 4 4 4
2 3 4 1 2 5 6 3 4 5 3 4 4 4 4 4 4 4 4 4
2 3 4 1 2 5 1 3 4 5 3 4 4 4 4 4 4 4 4 4
2 3 4 1 2 5 6 3 3 5 3 4 4 4 4 4 4 4 4 4
2 3 4 1 2 5 6 3 4 5 3 4 4 4 4 4 4 4 4 4
2 3 4 1 2 5 3 3 4 6 3 4 4 4 4 4 4 4 4 4
2 3 4 1 2 5 6 3 4 5 3 4 4 4 4 4 4 4 4 4
2 3 4 1 2 5 1 3 4 5 3 4 4 4 4 4 4 4 4 4
2 3 4 1 2 5 6 3 4 5 3 4 4 4 4 4 4 4 4 4
2 3 4 1 2 5 6 3 4 5 3 4 4 4 4 4 4 4 4 4
2 3 4 1 2 5 8 3 4 5 3 4 4 4 4 4 4 4 4 4
2 3 4 1 2 5 6 3 4 5 3 4 4 4 4 4 4 4 4 4
2 3 4 1 2 5 5 3 4 5 3 4 4 4 4 4 4 4 4 4
2 3 4 1 2 5 6 3 4 5 3 4 4 4 4 4 4 4 4 4
2 3 4 1 2 5 6 3 4 5 3 4 4 4 4 4 4 4 4 4
2 3 4 1 2 5 3 3 4 5 3 4 4 4 4 4 4 4 4 4
2 3 4 1 2 5 6 3 4 5 3 4 4 4 4 4 4 4 4 4
2 3 4 1 2 5 6 3 4 5 3 4 4 4 4 4 4 4 4 4
2 3 4 1 2 5 1 3 4 5 3 4 4 4 4 4 4 4 4 4
fire
0 0 0 0 0 0 0 0 0 0 0 0 0 0 0 0 0 0 0 0
0 0 0 0 0 0 0 0 0 0 0 0 0 0 0 0 0 0 0 0
0 0 0 0 0 0 0 0 0 0 0 0 0 0 0 0 0 0 0 0
0 0 0 0 0 0 0 0 0 0 0 0 0 0 0 0 0 0 0 0
0 0 0 0 0 0 0 0 0 0 0 0 0 0 0 0 0 0 0 0
0 0 0 0 0 0 0 0 0 0 0 0 0 0 0 0 0 0 0 0
0 0 0 0 0 0 0 0 0 0 0 0 0 0 0 0 0 0 0 0
0 0 0 0 0 0 0 0 0 0 0 0 0 0 0 0 0 0 0 0
0 0 0 0 0 0 0 1 1 0 0 0 0 0 0 0 0 0 0 0
0 0 0 0 0 0 0 1 1 0 0 0 0 0 0 0 0 0 0 0
0 0 0 0 0 0 0 0 0 0 0 0 0 0 0 0 0 0 0 0
0 0 0 0 0 0 0 0 0 0 0 0 0 0 0 0 0 0 0 0
0 0 0 0 0 0 0 0 0 0 0 0 0 0 0 0 0 0 0 0
0 0 0 0 0 0 0 0 0 0 0 0 0 0 0 0 0 0 0 0
0 0 0 0 0 0 0 0 0 0 0 0 0 0 0 0 0 0 0 0
0 0 0 0 0 0 0 0 0 0 0 0 0 0 0 0 0 0 0 0
0 0 0 0 0 0 0 0 0 0 0 0 0 0 0 0 0 0 0 0
0 0 0 0 0 0 0 0 0 0 0 0 0 0 0 0 0 0 0 0
0 0 0 0 0 0 0 0 0 0 0 0 0 0 0 0 0 0 0 0
0 0 0 0 0 0 0 0 0 0 0 0 0 0 0 0 0 0 0 0
